9
Stormwind
Ironforge
Darnassus
Exodar
Undercity
Thunderbluff
Orgrimmar
Silvermoon
Pandaria
0   15  79.06   -1  -1  -1  -1  -1  -1
15  0   -1  -1  18.03   -1  -1  -1  -1
79.06   -1  0   11.18   -1  -1  -1  -1  -1
-1  -1  11.18   0   -1  30.27   -1  -1  -1
-1  18.03   -1  -1  0   -1  40  29.15   -1
-1  -1  -1  30.27   -1  0   29.68   -1  -1
-1  -1  -1  -1  40  29.68   0   -1  -1
-1  -1  -1  -1  29.15   -1  -1  0   -1
-1  -1  -1  -1  -1  -1  -1  -1  0
0   60  25  -1  -1  -1  -1  -1  -1
60  0   -1  -1  35  -1  -1  -1  -1
70  -1  0   45  -1  -1  -1  -1  -1
-1  -1  45  0   -1  55  -1  -1  -1
-1  35  -1  -1  0   -1  25  30  -1
-1  -1  -1  55  -1  0   50  -1  -1
-1  -1  -1  -1  25  50  0   -1  -1
-1  -1  -1  -1  30  -1  -1  0   -1
-1  -1  -1  -1  -1  -1  -1  -1  0
0.00    15.00   79.06   78.26   31.62   66.19   58.31   47.43   40.31
15.00   0.00    71.59   72.80   18.03   66.75   52.20   33.54   44.72
79.06   71.59   0.00    11.18   57.01   40.01   21.21   80.00   55.90
78.26   72.80   11.18   0.00    60.21   30.27   20.62   85.59   50.00
31.62   18.03   57.01   60.21   0.00    61.33   40.00   29.15   46.10
66.19   66.75   40.01   30.27   61.33   0.00    29.68   90.34   27.86
58.31   52.20   21.21   20.62   40.00   29.68   0.00    66.71   36.40
47.43   33.54   80.00   85.59   29.15   90.34   66.71   0.00    74.33
40.31   44.72   55.90   50.00   46.10   27.86   36.40   74.33   0.00
